      0/39     1.46G   0.07155   0.01924   0.05733    0.1481        15       512    0.3035    0.1009   0.04947   0.01351   0.09912   0.02755   0.07009
      1/39     3.91G   0.05677   0.01989   0.03149    0.1082         5       512     0.451    0.1605    0.1371   0.05177   0.08897   0.02897   0.05477
      2/39     3.91G   0.05291    0.0212   0.02429    0.0984        20       512    0.3744    0.3085    0.2072   0.09924   0.08421    0.0304   0.04855
      3/39     3.92G   0.04982   0.02225   0.02097   0.09305        49       512     0.324    0.3297    0.2756     0.137   0.07665   0.03314   0.04358
      4/39     3.92G   0.04658   0.02294   0.01775   0.08727         6       512    0.4881    0.3411    0.3418    0.1784   0.07312   0.03347    0.0386
      5/39     3.92G   0.04667   0.02305   0.01635   0.08606        11       512    0.4513    0.3755    0.3527    0.1994   0.07608   0.03158   0.03545
      6/39     3.92G   0.04387   0.02348   0.01547   0.08282        16       512    0.5187    0.3845    0.3788    0.2192     0.073   0.03213   0.03335
      7/39     3.92G   0.04213   0.02432   0.01423   0.08069        53       512    0.4503    0.3732    0.3567    0.2064   0.07517   0.03057   0.03272
      8/39     3.92G   0.04114   0.02438    0.0133   0.07882        16       512    0.4127    0.3904    0.3405     0.201   0.07578   0.03178   0.03324
      9/39     3.92G   0.04105   0.02373   0.01323   0.07801        32       512    0.4625    0.4107    0.3839    0.2306   0.07341   0.03203   0.03078
     10/39     3.92G    0.0407   0.02372   0.01281   0.07723        19       512    0.4717    0.3769    0.3606    0.2068   0.07349   0.03259   0.03144
     11/39     3.92G   0.04058   0.02363   0.01208   0.07629        25       512    0.4939    0.4078    0.3879    0.2332   0.07306   0.03266   0.02948
     12/39     3.92G   0.03955   0.02317   0.01169   0.07441        17       512     0.564    0.4036    0.4139    0.2461   0.07189   0.03376   0.02989
     13/39     3.92G   0.03887   0.02363   0.01108   0.07358         8       512    0.4849    0.4202     0.394    0.2462   0.07094   0.03373   0.03035
     14/39     3.92G   0.03909   0.02342   0.01123   0.07374        30       512    0.5102     0.421    0.4112    0.2564   0.07144   0.03278   0.02892
     15/39     3.92G   0.03856   0.02348   0.01041   0.07245        50       512    0.5094    0.4306    0.4177     0.264   0.07064   0.03349   0.02904
     16/39     3.92G   0.03861   0.02343    0.0102   0.07224        10       512    0.5662    0.4272    0.4305    0.2592   0.06963   0.03373   0.02862
     17/39     3.92G   0.03817   0.02332    0.0098   0.07129        25       512    0.5739    0.4314    0.4409    0.2777   0.06967   0.03271    0.0288
     18/39     3.93G   0.03805   0.02275  0.009293   0.07009        35       512     0.518    0.4375    0.4287    0.2717   0.06904   0.03405   0.02819
     19/39     3.93G    0.0377   0.02288  0.009052   0.06964        32       512    0.5776    0.4425    0.4468    0.2829   0.06882   0.03383   0.02753
     20/39     3.93G   0.03728   0.02264  0.008387   0.06831        25       512    0.5525    0.4463    0.4491     0.278   0.06915   0.03324   0.02755
     21/39     3.93G   0.03698   0.02321  0.008124   0.06832        41       512    0.5084    0.4917    0.4548    0.2933   0.06794   0.03345   0.02813
     22/39     3.93G    0.0369   0.02303  0.007881   0.06781        26       512    0.5361    0.4599    0.4519    0.2908   0.06803   0.03365   0.02905
     23/39     3.93G   0.03671   0.02268   0.00778   0.06717        22       512    0.5859    0.4496    0.4578    0.2946   0.06785   0.03329   0.02853
     24/39     3.93G    0.0359   0.02217  0.007651   0.06572         9       512    0.6031    0.4458    0.4625    0.2975   0.06758   0.03313   0.02738
     25/39     3.93G   0.03599   0.02234   0.00731   0.06564        35       512    0.5955    0.4641    0.4574     0.293   0.06716   0.03408   0.02811
     26/39     3.93G    0.0356   0.02234  0.007074   0.06502        26       512    0.5789     0.473    0.4719    0.3043   0.06693   0.03383    0.0271
     27/39     3.93G   0.03523    0.0221  0.006641   0.06398        15       512    0.6247    0.4513    0.4753     0.306   0.06643   0.03388   0.02711
     28/39     3.93G   0.03518   0.02212  0.006499   0.06381        19       512    0.5745    0.4783     0.472    0.3077   0.06629   0.03376    0.0278
     29/39     3.93G   0.03488   0.02167   0.00636   0.06291        11       512    0.5991    0.4586    0.4766    0.3087   0.06635   0.03365   0.02789
     30/39     3.93G   0.03472   0.02181  0.006231   0.06276        34       512    0.6555    0.4482    0.4795    0.3177   0.06578   0.03388   0.02709
     31/39     3.93G   0.03453   0.02182  0.006142    0.0625        13       512    0.5759    0.4788    0.4807    0.3211   0.06546   0.03423   0.02755
     32/39     3.93G   0.03427   0.02152  0.005859   0.06165        40       512    0.5827    0.4909    0.4859    0.3208   0.06492   0.03425   0.02728
     33/39     3.93G   0.03391   0.02168  0.005753   0.06135        37       512    0.5634    0.5054    0.4886    0.3248   0.06512   0.03401   0.02719
     34/39     3.93G   0.03375   0.02154  0.005476   0.06077        16       512    0.5995    0.4862    0.4909    0.3257   0.06511   0.03419   0.02711
     35/39     3.93G   0.03378   0.02138  0.005665   0.06082        33       512    0.5885    0.4763    0.4849    0.3224   0.06478   0.03412   0.02677
     36/39     3.93G   0.03373   0.02132  0.005487   0.06053        26       512    0.6105    0.4725    0.4886    0.3258   0.06476   0.03396    0.0267
     37/39     3.93G   0.03387   0.02145   0.00557   0.06088        28       512    0.5986    0.4787    0.4876    0.3226   0.06467   0.03395   0.02692
     38/39     3.93G   0.03326   0.02126   0.00549   0.06001         7       512    0.6418    0.4498     0.486    0.3227   0.06467   0.03397   0.02708
     39/39     3.93G   0.03315   0.02102  0.005341   0.05952        24       512    0.5955    0.4725    0.4866    0.3234   0.06456    0.0342   0.02703
