      0/39     1.46G   0.07151    0.0192   0.05724     0.148        15       512     0.309   0.09885   0.05141   0.01753   0.09994   0.02724   0.07061
      1/39     5.03G   0.05698   0.01979   0.03142    0.1082         5       512    0.3855    0.1564    0.1247   0.04322   0.09026   0.02893   0.05534
      2/39     5.03G   0.05297   0.02109   0.02429   0.09835        20       512    0.3103    0.3197    0.1729    0.0602   0.08688   0.02934   0.04907
      3/39     5.03G   0.05001   0.02213   0.02091   0.09305        49       512    0.4827    0.2957    0.2738    0.1306   0.08005   0.03109   0.04387
      4/39     5.03G   0.04692   0.02298   0.01786   0.08777         6       512    0.4098    0.4059    0.3482    0.1957   0.07448   0.03239   0.03925
      5/39     5.03G    0.0472   0.02307   0.01651   0.08677        11       512     0.411    0.3978      0.35    0.1923   0.07217   0.03329   0.03467
      6/39     5.03G   0.04459   0.02387   0.01547   0.08393        16       512    0.5101    0.3698     0.367    0.2019   0.07049   0.03356   0.03428
      7/39     5.03G   0.04308   0.02492   0.01449   0.08248        53       512    0.4487    0.3995    0.3645    0.2102   0.07097   0.03372   0.03069
      8/39     5.03G   0.04174   0.02489   0.01367    0.0803        16       512     0.531    0.3106    0.3226    0.1763   0.07335   0.03388   0.03432
      9/39     5.03G   0.04151   0.02424   0.01338   0.07913        32       512    0.5046    0.3595    0.3672    0.2178   0.07337   0.03152   0.03038
     10/39     5.03G   0.04067   0.02427   0.01293   0.07787        19       512    0.4707    0.4155    0.3855    0.2336   0.07145   0.03335   0.02969
     11/39     5.03G   0.04102   0.02394   0.01226   0.07722        25       512    0.4496    0.4195    0.3934    0.2339   0.07212   0.03278   0.02832
     12/39     5.03G   0.04001   0.02351   0.01199   0.07552        17       512    0.5687    0.3931    0.4108    0.2443   0.07068   0.03338   0.02834
     13/39     5.03G   0.03919   0.02388   0.01133   0.07441         8       512    0.5103     0.433    0.4178    0.2588   0.06887   0.03435   0.02789
     14/39     5.04G   0.03928   0.02371    0.0109   0.07389        30       512    0.5243    0.4242    0.4197    0.2567   0.06889   0.03392   0.02746
     15/39     5.04G     0.039    0.0239   0.01044   0.07335        50       512    0.5258    0.4286    0.4212    0.2627   0.06847   0.03469   0.02747
     16/39     5.04G   0.03872   0.02367   0.01017   0.07256        10       512     0.557    0.4317      0.44    0.2667   0.06873   0.03354   0.02757
     17/39     5.04G   0.03823   0.02347  0.009664   0.07136        25       512    0.5685    0.4322    0.4422    0.2792   0.06814   0.03341   0.02623
     18/39     5.04G   0.03831   0.02296  0.009342   0.07061        35       512    0.5452     0.442    0.4352    0.2702    0.0681   0.03415    0.0264
     19/39     5.04G   0.03814   0.02329  0.009239   0.07066        32       512    0.5449    0.4262     0.437    0.2748   0.06765    0.0343   0.02654
     20/39     5.04G   0.03757   0.02294  0.008573   0.06908        25       512    0.5682    0.4329    0.4437    0.2755   0.06709   0.03411   0.02642
