      0/39     1.46G   0.07156   0.01922   0.05731    0.1481        15       512    0.1722    0.1108   0.05247   0.01709   0.09947   0.02724   0.07061
      1/39     3.91G     0.057    0.0197   0.03133     0.108         5       512    0.3924    0.1583    0.1227   0.04135   0.09162   0.02868   0.05527
      0/39     1.46G    0.0715   0.01923    0.0573     0.148        15       512    0.2968   0.09969   0.05304   0.01713   0.09988   0.02711   0.07051
      0/39     1.46G   0.07154   0.01924   0.05727     0.148        15       512     0.296    0.1022    0.0519    0.0145   0.09917   0.02803   0.07013
      1/39     3.91G    0.0568   0.01982   0.03135     0.108         5       512    0.3851    0.1621    0.1154   0.03825    0.0929   0.02802   0.05491
      2/39     3.91G   0.05306   0.02091   0.02421   0.09819        20       512    0.3463    0.3091    0.2037   0.09198   0.08631   0.02922   0.04876
      3/39     3.92G   0.04971   0.02172   0.02073   0.09216        49       512    0.4481    0.3406    0.2884    0.1505   0.07968   0.03238   0.04514
      0/39     1.46G   0.07149   0.01924   0.05729     0.148        15       512    0.1816    0.1069   0.05333   0.01795   0.09854   0.02742   0.07027
      1/39     3.91G    0.0569    0.0197   0.03141     0.108         5       512    0.3797    0.1712    0.1173   0.03479   0.09738   0.02628   0.05518
      2/39     3.91G   0.05331   0.02105    0.0242   0.09856        20       512    0.4008    0.2853    0.2075   0.09073   0.08419    0.0311   0.04919
      3/39     3.92G   0.04982   0.02206   0.02082   0.09271        49       512     0.449    0.3377    0.2799    0.1386   0.07816   0.03302   0.04468
      4/39     3.92G   0.04711   0.02257   0.01771   0.08739         6       512    0.4869     0.351    0.3416    0.1822   0.07527    0.0329   0.03965
      5/39     3.92G   0.04748   0.02287   0.01683   0.08718        11       512    0.4636    0.3847    0.3593    0.1948   0.07186   0.03358   0.03547
      6/39     3.92G   0.04529   0.02319   0.01602   0.08451        16       512    0.4355    0.3887    0.3655    0.2103   0.07097   0.03385   0.03222
      7/39     3.92G   0.04352   0.02426   0.01491    0.0827        53       512    0.4377    0.3682    0.3458    0.1985   0.07258   0.03332   0.03195
      8/39     3.92G   0.04184   0.02445   0.01374   0.08004        16       512    0.4591    0.3587    0.3323    0.1934    0.0745   0.03315   0.03461
