      0/39     1.46G   0.07151   0.01924   0.05732    0.1481        15       512    0.3051    0.0975   0.05661    0.0174   0.09951   0.02744   0.07051
      1/39     3.91G   0.05686   0.01993   0.03131    0.1081         5       512    0.3794    0.1825    0.1158   0.03615   0.09361   0.02746   0.05522
      2/39     3.91G   0.05297   0.02107   0.02409   0.09813        20       512    0.3898    0.2918    0.2067   0.08742   0.08311   0.03035   0.04948
      3/39     3.92G   0.05003   0.02235   0.02083    0.0932        49       512    0.4282    0.3295    0.2682     0.134    0.0768   0.03256   0.04541
      4/39     3.92G   0.04708   0.02322   0.01768   0.08798         6       512    0.4135    0.3574     0.349    0.1956   0.07191   0.03355   0.03976
      5/39     3.92G   0.04665   0.02362   0.01616   0.08643        11       512    0.4462    0.3713    0.3455    0.1988   0.07152   0.03348   0.03623
      6/39     3.92G   0.04471   0.02405   0.01499   0.08375        16       512    0.5085    0.3998    0.3918    0.2297   0.06728   0.03338   0.03468
      7/39     3.92G    0.0436   0.02532   0.01432   0.08324        53       512    0.4516    0.3343    0.3316    0.1816   0.06957   0.03414   0.03449
      8/39     3.92G   0.04202   0.02549   0.01329    0.0808        16       512    0.4472    0.3869    0.3692    0.2055   0.06896   0.03286   0.03141
      9/39     3.92G   0.04143   0.02498   0.01288   0.07929        32       512    0.5198    0.3791    0.3792    0.2207   0.06949    0.0329   0.02918
     10/39     3.92G   0.04043   0.02525   0.01282    0.0785        19       512    0.4917    0.3944    0.3893    0.2263   0.06678   0.03257   0.02633
     11/39     3.92G   0.04025     0.025   0.01193   0.07718        25       512    0.5038    0.4079    0.4084    0.2464   0.06782   0.03179   0.02516
     12/39     3.92G    0.0391   0.02468   0.01146   0.07523        17       512    0.5278    0.4229     0.414    0.2533   0.06556   0.03331   0.02484
     13/39     3.92G   0.03834   0.02506   0.01085   0.07426         8       512    0.5001    0.4338    0.4271    0.2538   0.06559   0.03295   0.02479
     14/39     3.92G   0.03855   0.02477    0.0106   0.07391        30       512    0.5168    0.4296    0.4231    0.2574    0.0657    0.0332    0.0232
     15/39     3.92G   0.03812   0.02479   0.01003   0.07294        50       512    0.5753    0.4198    0.4325    0.2718   0.06496    0.0336   0.02446
     16/39     3.92G   0.03804   0.02483  0.009798   0.07268        10       512    0.5158    0.4259    0.4276    0.2597   0.06496    0.0331   0.02373
     17/39     3.92G   0.03757    0.0246  0.009422   0.07159        25       512    0.4932    0.4504      0.43    0.2708    0.0643   0.03254   0.02288
     18/39     3.93G   0.03752   0.02399  0.009078   0.07058        35       512    0.5934    0.4127    0.4279    0.2667   0.06534   0.03228   0.02296
     19/39     3.93G   0.03706   0.02405  0.008832   0.06994        32       512    0.5501    0.4202     0.432    0.2759   0.06404   0.03326   0.02331
     20/39     3.93G   0.03665   0.02399  0.008264    0.0689        25       512    0.5834    0.4022    0.4276     0.266   0.06359   0.03331   0.02481
     21/39     3.93G   0.03641   0.02444  0.007891   0.06875        41       512    0.5562    0.4463    0.4489     0.283   0.06295    0.0337   0.02352
     22/39     3.93G    0.0362   0.02428  0.007632   0.06811        26       512    0.5664    0.4385    0.4471    0.2892   0.06245   0.03344   0.02444
     23/39     3.93G     0.036   0.02386   0.00744    0.0673        22       512    0.5647    0.4459    0.4573    0.2945   0.06236   0.03346   0.02353
     24/39     3.93G   0.03535    0.0233  0.007478   0.06613         9       512    0.5712    0.4505    0.4661    0.2996   0.06275   0.03268   0.02291
     25/39     3.93G   0.03527   0.02357  0.007098   0.06594        35       512    0.5972    0.4295    0.4616    0.3037   0.06202   0.03415   0.02297
     26/39     3.93G   0.03522   0.02354  0.006823   0.06558        26       512    0.6423    0.4221    0.4689    0.3071   0.06132   0.03385   0.02263
     27/39     3.93G   0.03464   0.02334  0.006547   0.06452        15       512     0.593    0.4627    0.4688    0.3044   0.06085   0.03418   0.02293
     28/39     3.93G   0.03468   0.02331  0.006352   0.06434        19       512    0.6133    0.4418    0.4715    0.3038   0.06089   0.03379    0.0228
     29/39     3.93G    0.0344   0.02285  0.006322   0.06358        11       512    0.5992    0.4451    0.4691    0.3131   0.06081   0.03377   0.02342
     30/39     3.93G   0.03425   0.02291  0.006017   0.06318        34       512    0.5958    0.4545     0.477    0.3148   0.06046   0.03388   0.02298
     31/39     3.93G   0.03397   0.02284  0.005887    0.0627        13       512    0.5763    0.4732    0.4801    0.3203   0.05987   0.03415   0.02286
     32/39     3.93G   0.03367   0.02258  0.005565   0.06181        40       512    0.6208     0.447    0.4846    0.3232   0.05943   0.03442   0.02255
     33/39     3.93G   0.03346   0.02288  0.005618   0.06195        37       512    0.6095    0.4669    0.4819    0.3218   0.05951   0.03414   0.02274
     34/39     3.93G    0.0333    0.0226  0.005127   0.06103        16       512    0.6466    0.4437     0.482    0.3241   0.05955   0.03427   0.02286
     35/39     3.93G   0.03319   0.02236  0.005475   0.06103        33       512    0.6117     0.459    0.4847    0.3237   0.05949   0.03416   0.02277
     36/39     3.93G   0.03329   0.02238   0.00525   0.06092        26       512    0.6214    0.4606    0.4842    0.3228   0.05939   0.03402    0.0225
     37/39     3.93G   0.03325   0.02254  0.005298   0.06109        28       512    0.5745    0.4728    0.4861     0.325   0.05922   0.03385   0.02266
     38/39     3.93G   0.03282   0.02224   0.00528   0.06034         7       512    0.6248      0.45    0.4845    0.3258   0.05933   0.03391   0.02289
     39/39     3.93G   0.03269   0.02193  0.004992   0.05961        24       512    0.5917    0.4702     0.486     0.325   0.05926   0.03405   0.02273
