      0/39     1.46G   0.07158   0.01925    0.0573    0.1481        15       512    0.1842    0.1037   0.05083   0.01361    0.1002   0.02738   0.07006
      0/39     1.46G   0.07429   0.02201   0.05972     0.156        15       512    0.1964    0.0948   0.04871   0.01726   0.09811   0.02834   0.07126
      1/39     3.92G   0.06121   0.02322   0.03633    0.1208        33       512     0.462    0.1091   0.07577   0.02168   0.09432   0.02827   0.05566
      2/39     3.93G   0.05799   0.02492   0.03025    0.1132        40       512    0.2693     0.235    0.1189   0.03328   0.08952   0.02917      0.05
      3/39     3.93G    0.0555   0.02586   0.02686    0.1082        14       512    0.3287    0.2927    0.1727   0.04443   0.08671   0.02978   0.04305
      4/39     3.93G   0.05268   0.02667   0.02422    0.1036        25       512    0.3868    0.3463    0.2424    0.1138   0.07667   0.03293   0.03992
      5/39     3.93G   0.05242   0.02654   0.02281    0.1018        23       512     0.378    0.3372    0.2885    0.1272   0.07628   0.03267    0.0366
      6/39     3.93G   0.05006   0.02819   0.02131   0.09956        40       512    0.5234    0.3162    0.2928    0.1383   0.07382    0.0334   0.03466
      7/39     3.93G   0.04937   0.02841   0.02088   0.09866        14       512     0.467    0.3206    0.3227    0.1567   0.07663   0.03285   0.03456
      8/39     3.93G   0.04893     0.028   0.02097    0.0979        16       512    0.3353    0.3753    0.2911    0.1482    0.0762    0.0329   0.03307
      9/39     3.93G   0.04863   0.02854      0.02   0.09716        17       512    0.4432    0.3371    0.3087    0.1474   0.07781   0.03282   0.03342
     10/39     3.93G    0.0481   0.02806   0.01921   0.09537        79       512    0.4252     0.349    0.3181    0.1509   0.07765   0.03356   0.03363
     11/39     3.93G   0.04763   0.02793   0.01929   0.09485        15       512    0.4786    0.3482    0.3361    0.1642   0.07626   0.03224   0.03075
     12/39     3.93G   0.04769     0.028   0.01882    0.0945        30       512    0.4589    0.3468    0.3303    0.1679   0.07572   0.03263   0.03099
     13/39     3.93G    0.0475   0.02805   0.01846   0.09401        24       512    0.4767    0.3719    0.3649    0.1963   0.07486    0.0328   0.03054
     14/39     3.93G   0.04725   0.02798   0.01805   0.09327        18       512    0.5725    0.3507    0.3701    0.1638   0.07735   0.03154   0.02984
