      0/39     1.46G   0.07434   0.02203   0.05975    0.1561        15       512    0.2165   0.08084   0.04613   0.01446   0.09862   0.02855    0.0713
      1/39     3.92G   0.06114   0.02314    0.0362    0.1205        33       512    0.5724    0.1434    0.1018   0.03332   0.09241    0.0285   0.05577
      2/39     3.93G   0.05796   0.02478   0.03011    0.1129        40       512    0.3086     0.196    0.1304     0.042   0.08766    0.0297   0.04996
      3/39     3.93G    0.0555    0.0254   0.02681    0.1077        14       512    0.3338    0.3116    0.1946   0.06575   0.08324   0.03097   0.04368
      0/39     1.46G   0.07424   0.02206   0.05969     0.156        15       512    0.2197   0.08834   0.04723   0.01463    0.0981   0.02852   0.07086
      1/39     3.92G   0.06112   0.02324   0.03627    0.1206        33       512    0.5587    0.1254   0.08071   0.02104    0.0942    0.0278   0.05535
      2/39     3.93G   0.05778   0.02479   0.03013    0.1127        40       512    0.2821    0.2691    0.1525     0.048   0.09003   0.02864    0.0495
      3/39     3.93G   0.05553   0.02528   0.02657    0.1074        14       512      0.36    0.2776    0.1909   0.06765   0.08823   0.02899   0.04397
      4/39     3.93G   0.05375   0.02586   0.02436     0.104        25       512    0.4239    0.3115    0.2341     0.104   0.07974   0.03202   0.04077
      0/39     1.48G   0.07437     0.022   0.05978    0.1561        15       512    0.1963   0.09972   0.04517   0.01308   0.09888   0.02843   0.07147
      0/39     1.46G   0.07436   0.02197   0.05972    0.1561        15       512    0.7329   0.04739   0.04682   0.01594   0.09865   0.02841   0.07128
      1/39     3.92G   0.06113   0.02307   0.03625    0.1204        33       512    0.5517     0.104   0.07657   0.02361   0.09331   0.02829   0.05592
      2/39     3.93G   0.05813   0.02477   0.03021    0.1131        40       512    0.2825    0.2321     0.143   0.04997   0.08581    0.0308      0.05
      3/39     3.93G    0.0556   0.02544   0.02662    0.1077        14       512    0.2229    0.3139    0.1862   0.06019   0.08952   0.02862   0.04409
      4/39     3.93G   0.05387   0.02592   0.02448    0.1043        25       512    0.4662    0.3073    0.2598    0.1199   0.07891   0.03167      0.04
      5/39     3.93G   0.05352    0.0263    0.0229    0.1027        23       512    0.3615    0.3456    0.2812    0.1309   0.07438   0.03247   0.03772
      6/39     3.93G   0.05109   0.02847   0.02097    0.1005        40       512    0.3393    0.3355    0.2931    0.1366   0.07298   0.03349   0.03693
      7/39     3.93G   0.04999   0.02908   0.02074   0.09981        14       512    0.4049     0.346    0.2986    0.1455   0.07487    0.0326   0.03501
      8/39     3.93G   0.04897   0.02902   0.02068   0.09867        16       512    0.3829    0.3388    0.2881    0.1435   0.07477   0.03295   0.03341
      9/39     3.93G   0.04821   0.02981   0.01943   0.09745        17       512    0.3518    0.2948    0.2543    0.1153   0.07607   0.03254   0.03346
     10/39     3.93G    0.0476   0.02912   0.01845   0.09517        79       512    0.4917    0.3554    0.3433    0.1628   0.07502    0.0312   0.02967
     11/39     3.93G   0.04712   0.02912   0.01831   0.09455        15       512    0.4446    0.3597     0.339     0.175   0.07454   0.03052   0.02908
     12/39     3.93G   0.04709   0.02919    0.0182   0.09449        30       512    0.4662    0.3757    0.3475    0.1805   0.07406   0.03149   0.02921
     13/39     3.93G    0.0467   0.02911   0.01749    0.0933        24       512    0.4348    0.3814    0.3508    0.1858   0.07253   0.03186     0.028
     14/39     3.93G   0.04624   0.02927   0.01727   0.09278        18       512    0.4677    0.4257    0.3919    0.1903   0.07335   0.03129   0.02629
     15/39     3.93G   0.04581   0.02902   0.01677   0.09159        14       512    0.4573    0.3886     0.379    0.1878   0.07281   0.03142   0.02648
     16/39     3.93G   0.04565    0.0289   0.01634    0.0909        44       512    0.5074    0.3945    0.3875    0.1939   0.07222   0.03172   0.02517
     17/39     3.93G   0.04552    0.0293   0.01663   0.09145        45       512    0.4699    0.4132     0.391    0.1778   0.07333     0.031   0.02546
     18/39     3.93G   0.04514   0.02869   0.01541   0.08924        24       512    0.5979    0.3756    0.4059    0.1967   0.07269   0.03091   0.02458
     19/39     3.93G   0.04485   0.02912   0.01553    0.0895        19       512    0.5466    0.3681    0.3817    0.1992   0.07204   0.03154   0.02535
     20/39     3.93G   0.04455   0.02844   0.01525   0.08824        24       512    0.6001    0.3779    0.3966    0.2048   0.07189   0.03184   0.02556
     21/39     3.93G   0.04457   0.02908   0.01489   0.08854        33       512    0.5432    0.4136    0.4135    0.2113   0.07072   0.03066   0.02405
     22/39     3.93G   0.04428   0.02835     0.015   0.08764        39       512     0.555    0.4205      0.43    0.2141   0.07028   0.03117   0.02345
     23/39     3.93G   0.04428   0.02909   0.01448   0.08785        19       512    0.5247    0.4334    0.4275    0.2159   0.07095    0.0309    0.0233
     24/39     3.93G   0.04375   0.02887   0.01409    0.0867        13       512    0.5732     0.399     0.425    0.2236   0.07073   0.03092   0.02334
     25/39     3.93G   0.04362   0.02854    0.0137   0.08585        23       512    0.5367    0.4355    0.4362    0.2257   0.07042   0.03089    0.0239
     26/39     3.93G   0.04353   0.02889   0.01396   0.08639        41       512     0.539    0.4351    0.4357    0.2231   0.06962   0.03159   0.02358
     27/39     3.93G   0.04328   0.02843   0.01338   0.08509        30       512    0.5731    0.4178    0.4292    0.2245   0.06999   0.03096   0.02361
     28/39     3.93G   0.04301   0.02815   0.01299   0.08415        20       512    0.6057     0.422    0.4538    0.2558   0.06956   0.03107   0.02299
     29/39     3.93G    0.0431   0.02838    0.0132   0.08468        57       512    0.5939    0.4384    0.4528    0.2251    0.0698   0.03061   0.02273
     30/39     3.93G    0.0428   0.02851   0.01329    0.0846        32       512    0.5975    0.4279    0.4532    0.2474   0.06909   0.03107   0.02332
     31/39     3.93G   0.04255   0.02861   0.01281   0.08398        11       512    0.6039    0.4331    0.4551    0.2363   0.06897     0.031   0.02254
     32/39     3.93G   0.04254   0.02811   0.01264    0.0833        19       512    0.5689    0.4575    0.4563    0.2446   0.06861   0.03106    0.0227
     33/39     3.93G   0.04233    0.0285   0.01241   0.08324        22       512    0.5924    0.4403    0.4571    0.2563   0.06818   0.03081   0.02328
     34/39     3.93G   0.04219   0.02849   0.01254   0.08322         7       512    0.5444    0.4606    0.4581    0.2476   0.06815   0.03122   0.02276
     35/39     3.93G   0.04228   0.02811   0.01216   0.08255        19       512    0.5807    0.4433    0.4623     0.258    0.0677   0.03091   0.02263
     36/39     3.93G   0.04201    0.0282   0.01199   0.08219        25       512    0.5901    0.4478    0.4655     0.243    0.0681   0.03094   0.02256
     37/39     3.93G   0.04212   0.02775   0.01207   0.08194        32       512    0.6353    0.4274    0.4641    0.2581   0.06764   0.03072   0.02268
     38/39     3.93G   0.04187   0.02818   0.01178   0.08183        29       512     0.624     0.434     0.465    0.2534   0.06774   0.03083   0.02254
     39/39     3.93G   0.04188   0.02823   0.01187   0.08198        46       512     0.608     0.448    0.4654     0.258   0.06767   0.03094   0.02241
      0/39     1.46G   0.07424   0.02202   0.05969    0.1559        15       512    0.1615   0.09174   0.04299   0.01214   0.09891   0.02827   0.07094
      1/39     3.92G   0.06129   0.02317   0.03629    0.1207        33       512    0.5885    0.1215   0.09584   0.02909   0.09177    0.0285   0.05564
      2/39     3.93G   0.05814   0.02474    0.0303    0.1132        40       512    0.3189    0.2104     0.134   0.04106    0.0872   0.02976    0.0498
      0/39     1.46G    0.0743   0.02201   0.05976    0.1561        15       512    0.2013   0.09378   0.04758   0.01405   0.09888   0.02844   0.07101
      1/39     3.92G   0.06119   0.02312    0.0362    0.1205        33       512    0.5563    0.1294   0.08897    0.0277   0.09002    0.0291   0.05572
      2/39     3.93G   0.05798   0.02471   0.03005    0.1127        40       512    0.3231    0.2097    0.1383   0.03748   0.08735   0.03017    0.0498
      3/39     3.93G   0.05552   0.02561   0.02665    0.1078        14       512    0.3744    0.2709    0.1913   0.06083   0.08462   0.03033   0.04436
      4/39     3.93G   0.05331    0.0264   0.02426     0.104        25       512    0.4213    0.3493    0.2612    0.1025   0.07813   0.03238   0.04003
      5/39     3.93G   0.05266   0.02659   0.02283    0.1021        23       512    0.3717    0.3539     0.278    0.1212   0.07542   0.03248    0.0377
      6/39     3.93G   0.05035   0.02806   0.02119    0.0996        40       512    0.4269    0.3127    0.3106    0.1504   0.07592   0.03279   0.03588
      7/39     3.93G    0.0494   0.02823   0.02102   0.09864        14       512    0.4193    0.3323    0.3036    0.1597   0.07578   0.03293   0.03588
      8/39     3.93G   0.04902   0.02782   0.02097   0.09781        16       512    0.3837    0.3407    0.2987    0.1486   0.07633   0.03285   0.03503
      9/39     3.93G   0.04869   0.02868    0.0201   0.09748        17       512    0.4209     0.361    0.3106    0.1416   0.07924   0.03141    0.0329
     10/39     3.93G    0.0482   0.02791   0.01937   0.09548        79       512    0.3811    0.3226     0.295    0.1432   0.07885   0.03423   0.03455
     11/39     3.93G    0.0477   0.02792   0.01933   0.09495        15       512    0.5514    0.3042    0.3254    0.1659   0.07709   0.03153   0.03218
